timestamp transX transY transZ rotX rotY rotZ
0.12928500000000001 1 1 1 1 1 1
0.22884499999999999 1 1 1 1 1 1
0.32832919999999999 1 1 1 1 1 1
0.42916149999999997 1 1 1 1 1 1
0.52874149999999998 1 1 1 1 1 1
0.62827650000000002 1 1 1 1 1 1
0.72909800000000002 1 1 1 1 1 1
0.82866870000000004 1 1 1 1 1 1
0.92815320000000001 1 1 1 1 1 1
1.0290648 1 1 1 1 1 1
1.1285612 1 1 1 1 1 1
1.2294327 1 1 1 1 1 1
1.3289656000000001 1 1 1 1 1 1
1.4284889000000001 1 1 1 1 1 1
1.5293627999999999 1 1 1 1 1 1
1.6289345 1 1 1 1 1 1
1.7284168 1 1 1 1 1 1
1.8293168 1 1 1 1 1 1
1.9288417 1 1 1 1 1 1
2.0297073000000001 1 1 1 1 1 1
2.1292024999999999 1 1 1 1 1 1
2.2287317999999998 1 1 1 1 1 1
2.3282696000000001 1 1 1 1 1 1
2.4291564000000001 1 1 1 1 1 1
2.5286495000000002 1 1 1 1 1 1
2.6295658999999998 1 1 1 1 1 1
2.7290412000000002 1 1 1 1 1 1
2.8286300999999998 1 1 1 1 1 1
2.9294888000000001 1 1 1 1 1 1
3.0290032999999998 1 1 1 1 1 1
3.1285473000000001 1 1 1 1 1 1
3.2294189000000002 1 1 1 1 1 1
3.3289323999999998 1 1 1 1 1 1
3.4284848000000001 1 1 1 1 1 1
3.5293271000000002 1 1 1 1 1 1
3.6288646999999998 1 1 1 1 1 1
3.7296974000000001 1 1 1 1 1 1
3.8292470999999999 1 1 1 1 1 1
3.9287801999999998 1 1 1 1 1 1
4.0295921999999997 1 1 1 1 1 1
4.1291954000000004 1 1 1 1 1 1
4.2286703000000001 1 1 1 1 1 1
4.3295465999999996 1 1 1 1 1 1
4.4291220999999998 1 1 1 1 1 1
4.5286441999999996 1 1 1 1 1 1
4.6294785999999997 1 1 1 1 1 1
4.7290068999999999 1 1 1 1 1 1
4.8286144000000002 1 1 1 1 1 1
4.929424 1 1 1 1 1 1
5.0290109000000003 1 1 1 1 1 1
5.1284938999999996 1 1 1 1 1 1
5.2293215999999996 1 1 1 1 1 1
5.3288989999999998 1 1 1 1 1 1
5.4297496000000001 1 1 1 1 1 1
5.5291940000000004 1 1 1 1 1 1
5.6288403000000002 1 1 1 1 1 1
5.7283331000000004 1 1 1 1 1 1
5.8291941999999999 1 1 1 1 1 1
5.9287305999999997 1 1 1 1 1 1
6.029617 1 1 1 1 1 1
6.1291257000000003 1 1 1 1 1 1
6.2286089999999996 1 1 1 1 1 1
6.3295170000000001 1 1 1 1 1 1
6.4290849000000003 1 1 1 1 1 1
6.5286013000000001 1 1 1 1 1 1
6.6294614000000003 1 1 1 1 1 1
6.7289596999999999 1 1 1 1 1 1
6.8285326 1 1 1 1 1 1
6.9293335999999996 1 1 1 1 1 1
7.0289283999999999 1 1 1 1 1 1
7.1284562999999999 1 1 1 1 1 1
7.2292953999999998 1 1 1 1 1 1
7.3288270000000004 1 1 1 1 1 1
7.4283925999999996 1 1 1 1 1 1
7.5292212000000003 1 1 1 1 1 1
7.6288062999999999 1 1 1 1 1 1
7.7282497000000001 1 1 1 1 1 1
7.829167 1 1 1 1 1 1
7.9286820000000002 1 1 1 1 1 1
8.0295501999999992 1 1 1 1 1 1
8.1290782999999998 1 1 1 1 1 1
8.2285939999999993 1 1 1 1 1 1
8.3294745999999993 1 1 1 1 1 1
8.4290382000000008 1 1 1 1 1 1
8.5285188000000005 1 1 1 1 1 1
8.6294152000000004 1 1 1 1 1 1
8.7289039000000006 1 1 1 1 1 1
8.8298015000000003 1 1 1 1 1 1
8.9293127999999999 1 1 1 1 1 1
9.0288301999999998 1 1 1 1 1 1
9.1297122000000002 1 1 1 1 1 1
9.2292520000000007 1 1 1 1 1 1
9.3288094000000008 1 1 1 1 1 1
9.4283453000000002 1 1 1 1 1 1
9.5291558999999992 1 1 1 1 1 1
9.6286915999999998 1 1 1 1 1 1
9.7295537999999997 1 1 1 1 1 1
9.8291441000000006 1 1 1 1 1 1
9.9286372000000007 1 1 1 1 1 1
10.0294749 1 1 1 1 1 1
10.129024899999999 1 1 1 1 1 1
10.2285422 1 1 1 1 1 1
10.3281034 1 1 1 1 1 1
10.428993800000001 1 1 1 1 1 1
10.528498300000001 1 1 1 1 1 1
10.6293057 1 1 1 1 1 1
10.7288882 1 1 1 1 1 1
10.829708699999999 1 1 1 1 1 1
10.929257099999999 1 1 1 1 1 1
11.028823300000001 1 1 1 1 1 1
11.129664099999999 1 1 1 1 1 1
11.2291972 1 1 1 1 1 1
11.328717599999999 1 1 1 1 1 1
11.429662799999999 1 1 1 1 1 1
11.529082900000001 1 1 1 1 1 1
11.628650800000001 1 1 1 1 1 1
11.729545699999999 1 1 1 1 1 1
11.8290931 1 1 1 1 1 1
11.928554699999999 1 1 1 1 1 1
12.028099900000001 1 1 1 1 1 1
12.1289984 1 1 1 1 1 1
12.2285077 1 1 1 1 1 1
12.3293544 1 1 1 1 1 1
12.428922999999999 1 1 1 1 1 1
12.5284554 1 1 1 1 1 1
12.629289500000001 1 1 1 1 1 1
12.7288321 1 1 1 1 1 1
12.828372399999999 1 1 1 1 1 1
12.929195999999999 1 1 1 1 1 1
13.0287937 1 1 1 1 1 1
13.129632600000001 1 1 1 1 1 1
13.2291402 1 1 1 1 1 1
13.328672299999999 1 1 1 1 1 1
13.4295794 1 1 1 1 1 1
13.529093400000001 1 1 1 1 1 1
13.6285817 1 1 1 1 1 1
13.729500399999999 1 1 1 1 1 1
13.8290106 1 1 1 1 1 1
13.928523200000001 1 1 1 1 1 1
14.02938 1 1 1 1 1 1
14.1289345 1 1 1 1 1 1
14.228463100000001 1 1 1 1 1 1
14.329352 1 1 1 1 1 1
14.4288668 1 1 1 1 1 1
14.528392500000001 1 1 1 1 1 1
14.629262600000001 1 1 1 1 1 1
14.7287771 1 1 1 1 1 1
14.8296265 1 1 1 1 1 1
14.929198899999999 1 1 1 1 1 1
15.0287177 1 1 1 1 1 1
15.129538699999999 1 1 1 1 1 1
15.2291147 1 1 1 1 1 1
15.3286234 1 1 1 1 1 1
15.4294788 1 1 1 1 1 1
15.529035199999999 1 1 1 1 1 1
15.62861 1 1 1 1 1 1
15.7294158 1 1 1 1 1 1
15.828936199999999 1 1 1 1 1 1
15.9284994 1 1 1 1 1 1
16.0293423 1 1 1 1 1 1
16.1289181 1 1 1 1 1 1
16.228405599999999 1 1 1 1 1 1
16.3292769 1 1 1 1 1 1
16.428823600000001 1 1 1 1 1 1
16.5296804 1 1 1 1 1 1
16.629232500000001 1 1 1 1 1 1
16.728732300000001 1 1 1 1 1 1
16.829583800000002 1 1 1 1 1 1
16.929141699999999 1 1 1 1 1 1
17.0286933 1 1 1 1 1 1
17.1295377 1 1 1 1 1 1
17.229046499999999 1 1 1 1 1 1
17.328620600000001 1 1 1 1 1 1
17.429434199999999 1 1 1 1 1 1
17.529020899999999 1 1 1 1 1 1
17.628527800000001 1 1 1 1 1 1
17.729358300000001 1 1 1 1 1 1
17.8289157 1 1 1 1 1 1
17.928446399999999 1 1 1 1 1 1
18.029339499999999 1 1 1 1 1 1
18.128813900000001 1 1 1 1 1 1
18.229701899999998 1 1 1 1 1 1
18.3292161 1 1 1 1 1 1
18.428758800000001 1 1 1 1 1 1
18.528338099999999 1 1 1 1 1 1
18.629132899999998 1 1 1 1 1 1
18.728685299999999 1 1 1 1 1 1
18.8295928 1 1 1 1 1 1
18.929082099999999 1 1 1 1 1 1
19.028620400000001 1 1 1 1 1 1
19.1294419 1 1 1 1 1 1
19.228997799999998 1 1 1 1 1 1
19.3285634 1 1 1 1 1 1
19.429420100000002 1 1 1 1 1 1
19.528941799999998 1 1 1 1 1 1
19.628486800000001 1 1 1 1 1 1
19.7293102 1 1 1 1 1 1
19.828878499999998 1 1 1 1 1 1
19.929759199999999 1 1 1 1 1 1
20.029283199999998 1 1 1 1 1 1
20.128772600000001 1 1 1 1 1 1
20.2296549 1 1 1 1 1 1
20.3291656 1 1 1 1 1 1
20.4286703 1 1 1 1 1 1
20.5296184 1 1 1 1 1 1
20.629092799999999 1 1 1 1 1 1
20.7286438 1 1 1 1 1 1
20.829531800000002 1 1 1 1 1 1
20.929032500000002 1 1 1 1 1 1
21.028636599999999 1 1 1 1 1 1
21.129413700000001 1 1 1 1 1 1
21.228941599999999 1 1 1 1 1 1
21.328497599999999 1 1 1 1 1 1
21.429363899999998 1 1 1 1 1 1
21.528890499999999 1 1 1 1 1 1
21.628430000000002 1 1 1 1 1 1
21.729297800000001 1 1 1 1 1 1
21.828833700000001 1 1 1 1 1 1
21.928365800000002 1 1 1 1 1 1
22.0292329 1 1 1 1 1 1
22.128725200000002 1 1 1 1 1 1
22.229578199999999 1 1 1 1 1 1
22.3291389 1 1 1 1 1 1
22.4286548 1 1 1 1 1 1
22.529512499999999 1 1 1 1 1 1
22.629079999999998 1 1 1 1 1 1
22.728567999999999 1 1 1 1 1 1
22.8294569 1 1 1 1 1 1
22.9290029 1 1 1 1 1 1
23.0285081 1 1 1 1 1 1
23.129383199999999 1 1 1 1 1 1
23.2289201 1 1 1 1 1 1
23.328466599999999 1 1 1 1 1 1
23.4292838 1 1 1 1 1 1
23.528809899999999 1 1 1 1 1 1
23.628388099999999 1 1 1 1 1 1
23.729183800000001 1 1 1 1 1 1
23.8287975 1 1 1 1 1 1
23.929616599999999 1 1 1 1 1 1
24.029174000000001 1 1 1 1 1 1
24.128691799999999 1 1 1 1 1 1
24.2295376 1 1 1 1 1 1
24.329128399999998 1 1 1 1 1 1
24.428642400000001 1 1 1 1 1 1
24.5294937 1 1 1 1 1 1
24.629047499999999 1 1 1 1 1 1
24.7298507 1 1 1 1 1 1
24.829441200000002 1 1 1 1 1 1
24.928903200000001 1 1 1 1 1 1
25.029821099999999 1 1 1 1 1 1
25.129316899999999 1 1 1 1 1 1
25.228884399999998 1 1 1 1 1 1
25.3283998 1 1 1 1 1 1
25.429240100000001 1 1 1 1 1 1
25.528808999999999 1 1 1 1 1 1
25.629664300000002 1 1 1 1 1 1
25.729181000000001 1 1 1 1 1 1
25.8287245 1 1 1 1 1 1
25.929528399999999 1 1 1 1 1 1
26.0291268 1 1 1 1 1 1
26.128680800000001 1 1 1 1 1 1
26.2281333 1 1 1 1 1 1
26.328990600000001 1 1 1 1 1 1
26.428569700000001 1 1 1 1 1 1
26.528086999999999 1 1 1 1 1 1
26.629003900000001 1 1 1 1 1 1
26.728473300000001 1 1 1 1 1 1
26.829362100000001 1 1 1 1 1 1
26.928909000000001 1 1 1 1 1 1
27.028410600000001 1 1 1 1 1 1
27.129271200000002 1 1 1 1 1 1
27.228854800000001 1 1 1 1 1 1
27.329631200000001 1 1 1 1 1 1
27.429233199999999 1 1 1 1 1 1
27.530088800000001 1 1 1 1 1 1
27.629635 1 1 1 1 1 1
27.729116099999999 1 1 1 1 1 1
27.828710699999998 1 1 1 1 1 1
27.929541700000001 1 1 1 1 1 1
28.029084300000001 1 1 1 1 1 1
28.128586899999998 1 1 1 1 1 1
28.229416799999999 1 1 1 1 1 1
28.329002299999999 1 1 1 1 1 1
28.428531799999998 1 1 1 1 1 1
28.529397199999998 1 1 1 1 1 1
28.628955000000001 1 1 1 1 1 1
28.7284066 1 1 1 1 1 1
28.8279931 1 1 1 1 1 1
28.928838200000001 1 1 1 1 1 1
29.0283877 1 1 1 1 1 1
29.129256900000001 1 1 1 1 1 1
29.228719900000002 1 1 1 1 1 1
29.329609999999999 1 1 1 1 1 1
29.429081799999999 1 1 1 1 1 1
29.5287124 1 1 1 1 1 1
29.6296064 1 1 1 1 1 1
29.7290548 1 1 1 1 1 1
29.828636800000002 1 1 0 1 1 1
29.929493600000001 1 1 0 1 1 1
30.029055700000001 1 1 0 1 1 1
30.129861999999999 1 1 0 1 1 1
30.229385000000001 1 1 0 1 1 1
30.328962900000001 1 1 0 1 1 1
30.428516299999998 1 1 0 1 1 1
30.529337099999999 1 1 1 1 1 1
30.6288935 1 1 1 1 1 1
30.7283811 1 1 1 1 1 1
30.829229999999999 1 1 1 1 1 1
30.928820300000002 1 1 1 1 1 1
31.028378400000001 1 1 1 1 1 1
31.129169600000001 1 1 1 1 1 1
31.2287325 1 1 1 1 1 1
31.32957 1 1 1 1 1 1
31.429153100000001 1 1 1 1 1 1
31.528679799999999 1 1 1 1 1 1
31.629522000000001 1 1 1 1 1 1
31.729043900000001 1 1 1 1 1 1
31.828590999999999 1 1 1 1 1 1
31.929418699999999 1 1 1 1 1 1
32.029008500000003 1 1 1 1 1 1
32.128487 1 1 1 1 1 1
32.229348999999999 1 1 1 1 1 1
32.328892600000003 1 1 1 1 1 1
32.428460299999998 1 1 1 1 1 1
32.5293299 1 1 1 1 1 1
32.628851099999999 1 1 1 1 1 1
32.729658700000002 1 1 1 1 1 1
32.829197499999999 1 1 1 1 1 1
32.928783099999997 1 1 1 1 1 1
33.0296132 1 1 1 1 1 1
33.129148600000001 1 1 1 1 1 1
33.228685499999997 1 1 1 1 1 1
33.3295332 1 1 1 1 1 1
33.429096399999999 1 1 1 1 1 1
33.528567899999999 1 1 1 1 1 1
33.629440199999998 1 1 1 1 1 1
33.728989499999997 1 1 1 1 1 1
33.828538100000003 1 1 1 1 1 1
33.929414399999999 1 1 1 1 1 1
34.028904599999997 1 1 1 1 1 1
34.128462499999998 1 1 1 1 1 1
34.229294899999999 1 1 1 1 1 1
34.328870899999998 1 1 1 1 1 1
34.429699100000001 1 1 1 1 1 1
34.529222599999997 1 1 1 1 1 1
34.630097499999998 1 1 1 1 1 1
34.729610600000001 1 1 1 1 1 1
34.829162699999998 1 1 1 1 1 1
34.9300219 1 1 1 1 1 1
35.029543099999998 1 1 1 1 1 1
35.129058700000002 1 1 1 1 1 1
35.228614700000001 1 1 1 1 1 1
35.329473200000002 1 1 1 1 1 1
35.429054899999997 1 1 1 1 1 1
35.528499699999998 1 1 1 1 1 1
35.629406799999998 1 1 1 1 1 1
35.728945899999999 1 1 1 1 1 1
35.828473199999998 1 1 1 1 1 1
35.929379599999997 1 1 1 1 1 1
36.028851199999998 1 1 1 1 1 1
36.129711499999999 1 1 1 1 1 1
36.229267299999997 1 1 1 1 1 1
36.3288175 1 1 1 1 1 1
36.428431199999999 1 1 1 1 1 1
36.529195399999999 1 1 1 1 1 1
36.628675600000001 1 1 1 1 1 1
36.728238699999999 1 1 1 1 1 1
36.829180399999998 1 1 1 1 1 1
36.928635300000003 1 1 1 1 1 1
37.029512500000003 1 1 1 1 1 1
37.129053999999996 1 1 1 1 1 1
37.228564900000002 1 1 1 1 1 1
37.328121600000003 1 1 1 1 1 1
37.429044400000002 1 1 1 1 1 1
37.528503600000001 1 1 1 1 1 1
37.629350799999997 1 1 1 1 1 1
37.728867899999997 1 1 1 1 1 1
37.828398399999998 1 1 0 1 1 1
37.929286099999999 1 1 1 1 1 1
38.028854500000001 1 1 1 1 1 1
38.1296617 1 1 1 1 1 1
38.229270100000001 1 1 1 1 1 1
38.328719300000003 1 1 1 1 1 1
38.429632599999998 1 1 1 1 1 1
38.529151800000001 1 1 0 1 1 1
38.628689000000001 1 1 0 1 1 1
38.729514700000003 1 1 0 1 1 1
38.829087399999999 1 1 0 1 1 1
38.928573999999998 1 1 0 1 1 1
39.029505399999998 1 1 1 1 1 1
39.128993199999996 1 1 0 1 1 1
39.228513900000003 1 1 0 1 1 1
39.329372100000001 1 0 0 1 1 1
39.428901799999998 1 1 0 1 1 1
39.528469700000002 1 1 0 1 1 1
39.6279708 1 0 0 1 1 1
39.7288517 1 1 0 1 1 1
39.828396900000001 1 0 0 1 1 1
39.929266800000001 1 0 0 1 1 1
40.028769599999997 1 0 0 1 1 1
40.129663100000002 1 0 0 1 1 1
40.229194100000001 1 0 0 1 1 1
40.328652499999997 1 0 0 1 1 1
40.429602000000003 1 0 0 1 1 1
40.529116299999998 1 0 0 1 1 1
40.629965400000003 1 0 0 1 1 1
40.729471799999999 1 0 0 1 1 1
40.8290316 1 0 0 1 1 1
40.928555899999999 1 0 0 1 1 1
41.029452499999998 1 0 0 1 1 1
41.128931700000003 1 0 0 1 1 1
41.229764099999997 1 0 0 1 1 0
41.329318200000003 1 0 0 1 1 1
41.428892300000001 1 0 0 1 1 1
41.528450599999999 1 0 0 1 1 1
41.6292659 1 0 0 1 1 1
41.728851200000001 1 0 0 1 1 1
41.828323300000001 1 0 0 1 1 1
41.9291646 1 0 0 1 1 1
42.028753399999999 1 0 0 1 1 1
42.129602599999998 1 0 0 1 1 1
42.229107499999998 1 0 0 1 1 1
42.328651999999998 1 0 0 1 1 1
42.428202800000001 1 0 0 1 1 1
42.5290538 1 0 0 1 1 1
42.628596000000002 1 0 0 1 1 1
42.729440599999997 1 0 0 1 1 1
42.828972 1 0 0 1 1 1
42.929849300000001 1 0 0 1 1 1
43.029334400000003 1 0 0 1 1 1
43.128899199999999 1 0 0 1 1 1
43.229736899999999 1 0 0 1 1 1
43.329306699999997 1 0 0 1 1 1
43.428842699999997 1 1 0 1 1 1
43.528376199999997 1 0 0 1 1 1
43.629203500000003 1 0 0 1 1 1
43.728711699999998 1 0 0 1 1 1
43.829643400000002 1 0 0 1 1 1
43.929153300000003 1 0 0 1 1 1
44.030015599999999 1 0 0 1 1 1
44.129529900000001 1 1 0 1 1 1
44.229084399999998 1 0 0 1 1 1
44.329949499999998 1 0 0 1 1 1
44.429480699999999 1 0 0 1 1 1
44.529023799999997 1 0 0 1 1 1
44.628519900000001 1 0 0 1 1 1
44.729364099999998 1 0 0 1 1 0
44.828969100000002 1 0 0 1 1 1
44.928456699999998 1 0 0 1 1 1
45.029352799999998 1 0 0 1 1 1
45.128802200000003 1 0 0 1 1 1
45.229683299999998 1 0 0 1 1 0
45.329260300000001 1 0 0 1 1 1
45.428801200000002 1 0 0 1 1 1
45.528319500000002 1 0 0 1 1 1
45.629196299999997 1 0 0 1 1 1
45.728701000000001 1 0 0 1 1 1
45.828271800000003 1 0 0 1 1 1
45.929100200000001 1 0 0 1 1 0
46.028697200000003 1 0 0 1 1 0
46.1294757 1 0 0 1 1 1
46.229005000000001 1 0 0 1 1 1
46.3285853 1 0 0 1 1 1
46.429444500000002 1 0 0 1 1 1
46.528965399999997 1 0 0 1 1 0
46.6284682 1 0 0 1 1 1
46.729294899999999 1 0 0 1 1 1
46.8289215 1 0 0 1 1 1
46.929733900000002 1 0 0 1 1 1
47.029283700000001 1 0 0 1 1 0
47.128821000000002 1 0 0 1 1 1
47.229680899999998 1 0 0 1 1 1
47.329203999999997 1 0 0 1 1 1
47.428761600000001 1 0 0 1 1 0
47.528231499999997 1 0 0 1 1 1
47.629133799999998 1 0 0 1 1 0
47.728624000000003 1 0 0 1 1 0
47.829547499999997 1 0 0 1 1 0
47.929069900000002 1 0 0 1 1 1
48.029930299999997 1 0 0 1 1 1
48.1294416 1 0 0 1 1 1
48.228970400000001 1 0 0 1 1 0
48.328528499999997 1 0 0 1 1 1
48.429358100000002 1 0 0 1 1 1
48.528871700000003 1 0 0 1 1 1
48.629803299999999 1 0 0 1 1 0
48.729265400000003 1 0 0 1 1 0
48.828868499999999 1 0 0 1 1 0
48.929678600000003 1 0 0 1 1 0
49.029249999999998 1 0 0 1 1 1
49.128759799999997 1 0 0 1 1 1
49.2283069 1 0 0 1 1 1
49.329156500000003 1 0 0 1 1 0
49.428645799999998 1 0 0 1 1 0
49.529495599999997 1 0 0 1 1 0
49.629121900000001 1 0 0 1 1 1
49.728669799999999 1 0 0 1 1 1
49.829477900000001 1 0 0 1 1 1
49.92897 1 0 0 1 1 1
50.028501200000001 1 0 0 1 1 1
50.1280681 1 0 0 1 1 0
50.228914899999999 1 0 0 1 1 0
50.329786900000002 1 0 0 1 1 1
50.4293233 1 0 0 1 1 1
50.528875999999997 1 0 0 1 1 0
50.629741799999998 1 0 0 1 1 0
50.729269199999997 1 0 0 1 1 1
50.828817999999998 1 0 0 1 1 0
50.928298599999998 1 0 0 1 1 1
51.0291566 1 0 0 1 1 0
51.128685400000002 1 0 0 1 1 1
51.229528600000002 1 0 0 1 1 1
51.329110800000002 1 0 0 1 1 0
51.428646700000002 1 0 0 1 1 0
51.528208399999997 1 0 0 1 1 0
51.629027499999999 1 0 0 1 1 1
51.728553900000001 1 0 0 1 1 1
51.8294274 1 0 0 1 1 1
51.928952799999998 1 0 0 1 1 1
52.029830099999998 1 0 0 1 1 1
52.1293267 1 0 0 1 1 1
52.228908699999998 1 0 0 1 1 1
52.3284041 1 0 0 1 1 0
52.4279601 1 0 0 1 1 1
52.528791599999998 1 0 0 1 1 0
52.629754200000001 1 0 0 1 1 0
52.729212400000002 1 0 0 1 1 1
52.830036100000001 1 0 0 1 1 1
52.929581300000002 1 0 0 1 1 1
53.029144199999998 1 0 0 1 1 1
53.128672000000002 1 0 0 1 1 1
53.228239000000002 1 0 0 1 1 1
53.329069500000003 1 0 0 1 1 0
53.429946999999999 1 0 0 1 1 0
53.529445799999998 1 0 0 1 1 1
53.629016999999997 1 0 0 1 1 1
53.728503099999998 1 0 0 1 1 1
53.828071299999998 1 0 0 1 1 0
53.928871299999997 1 0 0 1 1 1
54.028444399999998 1 0 0 1 1 1
54.129285500000002 1 0 0 1 1 0
54.230147299999999 1 0 0 1 1 0
54.329706799999997 1 0 0 1 1 1
54.429259000000002 1 0 0 1 1 0
54.528754900000003 1 0 0 1 1 1
54.628328000000003 1 0 0 1 1 0
54.727831999999999 1 0 0 1 1 1
54.828662299999998 1 0 0 1 1 1
54.929517400000002 1 0 0 1 1 1
55.029167600000001 1 0 0 1 1 1
55.129953 1 0 0 1 1 0
55.229465599999997 1 0 0 1 1 1
55.328926199999998 1 0 0 1 1 1
55.428515099999998 1 0 0 1 1 1
55.528096300000001 1 0 0 1 1 1
55.629007999999999 1 0 0 1 1 1
55.728442299999998 1 0 0 1 1 1
55.829300799999999 1 0 0 1 1 1
55.928839799999999 1 0 0 1 1 0
56.029744299999997 1 0 0 1 1 0
56.129247800000002 1 0 0 1 1 1
56.228791399999999 1 0 0 1 1 0
56.328288700000002 1 0 0 1 1 1
56.429192200000003 1 0 0 1 1 0
56.528693099999998 1 0 0 1 1 1
56.629570399999999 1 0 0 1 1 1
56.729074900000001 1 0 0 1 1 1
56.828619099999997 1 0 0 1 1 1
56.929497099999999 1 0 0 1 1 1
57.029061499999997 1 0 0 1 1 1
57.128555400000003 1 0 0 1 1 1
57.229397400000003 1 0 0 1 1 1
57.328961499999998 1 0 0 1 1 0
57.429845 1 0 0 1 1 1
57.529313899999998 1 0 0 1 1 1
57.628908799999998 1 0 0 1 1 0
57.728366999999999 1 0 0 1 1 1
57.829296499999998 1 0 0 1 1 1
57.928790499999998 1 0 0 1 1 1
58.029684199999998 1 0 0 1 1 1
58.129166699999999 1 0 0 1 1 1
58.230098599999998 1 0 0 1 1 1
58.3296098 1 0 0 1 1 0
58.429169799999997 1 0 0 1 1 1
58.528662799999999 1 0 0 1 1 0
58.628210699999997 1 0 0 1 1 0
58.729038099999997 1 0 0 1 1 1
58.829902799999999 1 0 0 1 1 1
58.929453500000001 1 0 0 1 1 1
59.028997099999998 1 0 0 1 1 1
59.129854799999997 1 0 0 1 1 1
59.229367600000003 1 0 0 1 1 1
59.328898600000002 1 0 0 1 1 0
59.428487400000002 1 0 0 1 1 0
59.529274600000001 1 0 0 1 1 0
59.630164800000003 1 0 0 1 1 1
59.729698800000001 1 0 0 1 1 1
59.8292693 1 0 0 1 1 1
59.928781399999998 1 0 0 1 1 1
60.028294699999996 1 0 0 1 1 1
60.129169599999997 1 0 0 1 1 1
60.228702200000001 1 0 0 1 1 1
60.328227900000002 1 0 0 1 1 1
60.429106900000001 1 0 0 1 1 1
60.528631599999997 1 0 0 1 1 0
60.629531800000002 1 0 0 1 1 1
60.728986399999997 1 0 0 1 1 1
60.828553300000003 1 0 0 1 1 1
60.928105700000003 1 0 0 1 1 1
61.028919100000003 1 0 0 1 1 1
61.128472899999998 1 0 0 1 1 1
61.229297099999997 1 0 0 1 1 1
61.328890000000001 1 0 0 1 1 1
61.429689500000002 1 0 0 1 1 1
61.529217899999999 1 0 0 1 1 1
61.6287977 1 0 0 1 1 0
61.7283069 1 0 0 1 1 1
61.8291775 1 0 0 1 1 1
61.928709599999998 1 0 0 1 1 1
62.029590300000002 1 0 0 1 1 1
62.1291224 1 0 0 1 1 1
62.229952500000003 1 0 0 1 1 1
62.329534700000004 1 0 0 1 1 1
62.4290649 1 0 0 1 1 1
62.528531200000003 1 0 0 1 1 1
62.628086199999998 1 0 0 1 1 1
62.728994299999997 1 0 0 1 1 1
62.828522800000002 1 0 0 1 1 1
62.929333800000002 1 0 0 1 1 1
63.028921699999998 1 0 0 1 1 1
63.1297304 1 0 0 1 1 1
63.229303999999999 1 0 0 1 1 1
63.328805799999998 1 0 0 1 1 1
63.428374400000003 1 0 0 1 1 1
63.529218299999997 1 0 0 1 1 0
63.630049800000002 1 0 0 1 1 1
63.729567199999998 1 0 0 1 1 0
63.829057400000003 1 0 0 1 1 1
63.928665299999999 1 0 0 1 1 1
64.029550700000001 1 0 0 1 1 1
64.129076100000006 1 0 0 1 1 1
64.228612100000007 1 0 0 1 1 1
64.329461699999996 1 0 0 1 1 1
64.4290029 1 0 0 1 1 1
64.529847799999999 1 0 0 1 1 1
64.629343399999996 1 0 0 1 1 1
64.728932799999995 1 0 0 1 1 1
64.828443399999998 1 0 0 1 1 0
64.927989400000001 1 0 0 1 1 0
65.028833500000005 1 0 0 1 1 1
65.128413300000005 1 0 0 1 1 1
65.229236700000001 1 0 0 1 1 1
65.328760799999998 1 0 0 1 1 1
65.429627999999994 1 0 0 1 1 0
65.529178799999997 1 0 0 1 1 0
65.628680799999998 1 0 0 1 1 1
65.728201299999995 1 0 0 1 1 0
65.829099799999995 1 0 0 1 1 1
65.928592300000005 1 0 0 1 1 1
66.029512499999996 1 0 0 1 1 1
66.129055199999996 1 0 0 1 1 1
66.229920800000002 1 0 0 1 1 1
66.329417399999997 1 0 0 1 1 1
66.428937300000001 1 0 0 1 1 1
66.528469200000004 1 0 0 1 1 1
66.629363900000001 1 0 0 1 1 1
66.728863099999998 1 0 0 1 1 1
66.8297302 1 0 0 1 1 1
66.929254 1 0 0 1 1 1
67.028832800000004 1 0 0 1 1 1
67.128335399999997 1 0 0 1 1 1
67.227874200000002 1 0 0 1 1 1
67.327407699999995 1 0 0 1 1 1
67.428267399999996 1 0 0 1 1 1
67.529090499999995 1 0 0 1 1 1
67.630006499999993 1 0 0 1 1 1
67.729490900000002 1 0 0 1 1 1
67.829038299999993 1 0 0 1 1 1
67.928585200000001 1 0 0 1 1 1
68.029469599999999 1 0 0 1 1 1
68.128996799999996 1 0 0 1 1 1
68.2298416 1 0 0 1 1 1
68.329327699999993 1 0 0 1 1 1
68.428876099999997 1 0 0 1 1 1
68.529763399999993 1 0 0 1 1 1
68.629272099999994 1 0 0 1 1 1
68.728846000000004 1 0 0 1 1 1
68.828356600000006 1 0 0 1 1 1
68.929211300000006 1 0 0 1 1 1
69.028784700000003 1 0 0 1 1 1
69.129627799999994 1 0 0 1 1 1
69.229189300000002 1 0 0 1 1 1
69.329980300000003 1 0 0 1 1 1
69.4294747 1 0 0 1 1 1
69.530398000000005 1 0 0 1 1 1
69.629934000000006 1 0 0 1 1 1
69.729490400000003 1 0 0 1 1 1
69.829027999999994 1 0 0 1 1 1
69.928516099999996 1 0 0 1 1 1
70.0280889 1 0 0 1 1 1
70.128869199999997 1 0 0 1 1 1
70.228480000000005 1 0 0 1 1 1
70.329297199999999 1 0 0 1 1 1
70.428878900000001 1 0 0 1 1 1
70.528376199999997 1 0 0 1 1 1
70.629222100000007 1 0 0 1 1 1
70.728654300000002 1 0 0 1 1 1
70.828327599999994 1 0 0 1 1 1
70.929177699999997 1 0 0 1 1 1
71.0287024 1 0 0 1 1 1
71.129536799999997 1 0 0 1 1 1
71.229097499999995 1 0 0 1 1 1
71.328606699999995 1 0 0 1 1 1
71.429518799999997 1 0 0 1 1 1
71.528981599999995 1 0 0 1 1 1
71.628563999999997 1 0 0 1 1 1
71.7294318 1 0 0 1 1 1
71.828973899999994 1 0 0 1 1 1
71.929845999999998 1 0 0 1 1 1
72.029321800000005 1 0 0 1 1 1
72.128849399999993 1 0 0 1 1 1
72.228429000000006 1 0 0 1 1 1
72.327947800000004 1 0 0 1 1 1
72.428843400000005 1 0 0 1 1 1
72.529638399999996 1 0 0 1 1 1
72.629182499999999 1 0 0 1 1 1
72.730069299999997 1 0 0 1 1 1
72.829618100000005 1 0 0 1 1 1
72.929139800000002 1 0 0 1 1 1
73.028653500000004 1 0 0 1 1 1
73.128131499999995 1 0 0 1 1 1
73.229038399999993 1 0 0 1 1 1
73.329909499999999 1 0 0 1 1 1
73.429427000000004 1 0 0 1 1 1
73.530314300000001 1 0 0 1 1 1
73.629823299999998 1 0 0 1 1 1
73.729307300000002 1 0 0 1 1 1
73.828928599999998 1 0 0 1 1 1
73.929761600000006 1 0 0 1 1 1
74.029316100000003 1 0 0 1 1 1
74.130158600000001 1 0 0 1 1 1
74.229696399999995 1 0 0 1 1 1
74.329224300000007 1 0 0 1 1 1
74.428732499999995 1 0 0 1 1 1
74.528263199999998 1 0 0 1 1 1
74.629163399999996 1 0 0 1 1 1
74.728679799999995 1 0 0 1 1 1
74.829569199999995 1 0 0 1 1 1
74.929054899999997 1 0 0 1 1 1
75.029915700000004 1 0 0 1 1 1
75.129471899999999 1 0 0 1 1 1
75.229032700000005 1 0 0 1 1 1
75.328539500000005 1 0 0 1 1 1
75.429370300000002 1 0 0 1 1 1
75.530232600000005 1 0 0 1 1 0
75.629822200000007 1 0 0 1 1 1
75.730609099999995 1 0 0 1 1 1
75.830211300000002 1 0 0 1 1 1
75.929720500000002 1 0 0 1 1 1
76.029231199999998 1 0 0 1 1 1
76.128738499999997 1 0 0 1 1 0
76.228274499999998 1 0 0 1 1 1
76.329158399999997 1 0 0 1 1 1
76.428694399999998 1 0 0 1 1 1
76.529559300000003 1 0 0 1 1 1
76.629090199999993 1 0 0 1 1 1
76.728614500000006 1 0 0 1 1 1
76.828194300000007 1 0 0 1 1 1
76.929027199999993 1 0 0 1 1 1
77.028526400000004 1 0 0 1 1 1
77.129390400000005 1 0 0 1 1 0
77.2289545 1 0 0 1 1 0
77.329777399999998 1 0 0 1 1 0
77.429343599999996 1 0 0 1 1 1
77.528847799999994 1 0 0 1 1 1
77.628414300000003 1 0 0 1 1 1
77.729213400000006 1 0 0 1 1 1
77.828814199999997 1 0 0 1 1 1
77.929639499999993 1 0 0 1 1 1
78.029156099999994 1 0 0 1 1 1
78.128750699999998 1 0 0 1 1 1
78.229561899999993 1 0 0 1 1 0
78.329099299999996 1 0 0 1 1 0
78.428672000000006 1 0 0 1 1 0
78.528164099999998 1 0 0 1 1 1
78.629057299999999 1 0 0 1 1 1
78.728539600000005 1 0 0 1 1 1
78.829459299999996 1 0 0 1 1 1
78.928976199999994 1 0 0 1 1 1
79.028468500000002 1 0 0 1 1 1
79.129367700000003 1 0 0 1 1 1
79.228877199999999 1 0 0 1 1 1
79.329740700000002 1 0 0 1 1 0
79.429317600000005 1 0 0 1 1 0
79.528838800000003 1 0 0 1 1 0
79.6297146 1 0 0 1 1 1
79.729169299999995 1 0 0 1 1 0
79.8287598 1 0 0 1 1 1
79.929592499999998 1 0 0 1 1 0
80.029130600000002 1 0 0 1 1 0
80.128644100000002 1 0 0 1 1 0
80.229511900000006 1 0 0 1 1 0
80.329062100000002 1 0 0 1 1 0
80.428643399999999 1 0 0 1 1 1
80.529473899999999 1 0 0 1 1 0
80.629018400000007 1 0 0 1 1 1
80.729858500000006 1 0 0 1 1 1
80.829373500000003 1 0 0 1 1 0
80.928925699999994 1 0 0 1 1 0
81.029797200000004 1 0 0 1 1 0
81.129319100000004 1 0 0 1 1 1
81.228846700000005 1 0 0 1 1 0
81.328351400000003 1 0 0 1 1 0
81.429261800000006 1 0 0 1 1 0
81.528785799999994 1 0 0 1 1 0
81.6296696 1 0 0 1 1 0
81.729156599999996 1 0 0 1 1 0
81.828682799999996 1 0 0 1 1 1
81.9295556 1 0 0 1 1 0
82.029122700000002 1 0 0 1 1 0
82.128627399999999 1 0 0 1 1 1
82.229466099999996 1 0 0 1 1 1
82.328988899999999 1 0 0 1 1 1
82.428569899999999 1 0 0 1 1 0
82.529399100000006 1 0 0 1 1 0
82.628966000000005 1 0 0 1 1 1
82.728458500000002 1 0 0 1 1 0
82.829370600000004 1 0 0 1 1 0
82.928872200000001 1 0 0 1 1 1
83.029732100000004 1 0 0 1 1 0
83.129282099999998 1 0 0 1 1 0
83.228790900000007 1 0 0 1 1 0
83.329667200000003 1 0 0 1 1 0
83.429210999999995 1 0 0 1 1 0
83.528711900000005 1 0 0 1 1 0
83.628260299999994 1 0 0 1 1 0
83.729115199999995 1 0 0 1 1 0
83.8285676 1 0 0 1 1 0
83.929492100000004 1 0 0 1 1 1
84.029033600000005 1 0 0 1 1 0
84.1285886 1 0 0 1 1 0
84.229418899999999 1 0 0 1 1 1
84.328968700000004 1 0 0 1 1 0
84.429867200000004 1 0 0 1 1 1
84.529384800000003 1 0 0 1 1 1
84.628914300000005 1 0 0 1 1 0
84.728403900000004 1 0 0 1 1 0
84.829311500000003 1 0 0 1 1 1
84.928840500000007 1 0 0 1 1 0
85.0296728 1 0 0 1 1 0
85.129227299999997 1 0 0 1 1 1
85.228787999999994 1 0 0 1 1 0
85.3296086 1 0 0 1 1 0
85.429181700000001 1 0 0 1 1 0
85.528676700000005 1 0 0 1 1 0
85.628243299999994 1 0 0 1 1 0
85.729073 1 0 0 1 1 0
85.828625299999999 1 0 0 1 1 0
85.929444899999993 1 0 0 1 1 0
86.0290052 1 0 0 1 1 0
86.128511099999997 1 0 0 1 1 0
86.229394799999994 1 0 0 1 1 0
86.328936200000001 1 0 0 1 1 0
86.4285177 1 0 0 1 1 0
86.529303499999997 1 0 0 1 1 0
86.628868699999998 1 0 0 1 1 0
86.729688800000005 1 0 0 1 1 0
86.829275300000006 1 0 0 1 1 1
86.928715400000002 1 0 0 1 1 0
87.029646999999997 1 0 0 1 1 0
87.129150499999994 1 0 0 1 1 0
87.228706299999999 1 0 0 1 1 0
87.328251499999993 1 0 0 1 1 0
87.429095399999994 1 0 0 1 1 1
87.528612800000005 1 0 0 1 1 1
87.629469999999998 1 0 0 1 1 0
87.7290536 1 0 0 1 1 0
87.828588199999999 1 0 0 1 1 0
87.929418200000001 1 0 0 1 1 1
88.028965099999994 1 0 0 1 1 0
88.128501600000007 1 0 0 1 1 1
88.229371200000003 1 0 0 1 1 1
88.328884299999999 1 0 0 1 1 1
88.429764399999996 1 0 0 1 1 1
88.529280299999996 1 0 0 1 1 1
88.628806699999998 1 0 0 1 1 1
88.728365100000005 1 0 0 1 1 1
88.829191300000005 1 0 0 1 1 0
88.928734399999996 1 0 0 1 1 0
89.029630600000004 1 0 0 1 1 0
89.129136000000003 1 0 0 1 1 1
89.230002799999994 1 0 0 1 1 0
89.329499100000007 1 0 0 1 1 1
89.429061099999998 1 0 0 1 1 1
89.529919800000002 1 0 0 1 1 1
89.629453299999994 1 0 0 1 1 1
89.728962100000004 1 0 0 1 1 1
89.828490200000005 1 0 0 1 1 0
89.929362900000001 1 0 0 1 1 0
90.028900800000002 1 0 0 1 1 0
90.129756400000005 1 0 0 1 1 0
90.229350699999998 1 0 0 1 1 0
90.328812299999996 1 0 0 1 1 0
90.428356800000003 1 0 0 1 1 0
90.529241499999998 1 0 0 1 1 0
90.628781900000007 1 0 0 1 1 1
90.728281199999998 1 0 0 1 1 1
90.829158699999994 1 0 0 1 1 1
90.928666699999994 1 0 0 1 1 1
91.029543500000003 1 0 0 1 1 0
91.129087400000003 1 0 0 1 1 0
91.229936300000006 1 0 0 1 1 1
91.329461199999997 1 0 0 1 1 0
91.429017200000004 1 0 0 1 1 1
91.528564599999996 1 0 0 1 1 0
91.629391799999993 1 0 0 1 1 1
91.728933499999997 1 0 0 1 1 1
91.829802700000002 1 0 0 1 1 1
91.929304700000003 1 0 0 1 1 0
92.028842100000006 1 0 0 1 1 1
92.129695999999996 1 0 0 1 1 0
92.229204600000003 1 0 0 1 1 1
92.328726000000003 1 0 0 1 1 0
92.428318200000007 1 0 0 1 1 0
92.5291754 1 0 0 1 1 0
92.628724700000006 1 0 0 1 1 1
92.728215599999999 1 0 0 1 1 0
92.829107899999997 1 0 0 1 1 0
92.928616700000006 1 0 0 1 1 0
93.029533299999997 1 0 0 1 1 0
93.129004600000002 1 0 0 1 1 0
93.228557300000006 1 0 0 1 1 0
93.329430700000003 1 0 0 1 1 0
93.4289323 1 0 0 1 1 0
93.529826299999996 1 0 0 1 1 0
93.629336499999994 1 0 0 1 1 1
93.728855800000005 1 0 0 1 1 0
93.829774999999998 1 0 0 1 1 0
93.929267100000004 1 0 0 1 1 1
94.028815399999999 1 0 0 1 1 0
94.129630700000007 1 0 0 1 1 1
94.229215999999994 1 0 0 1 1 0
94.328729499999994 1 0 0 1 1 0
94.429557000000003 1 0 0 1 1 1
94.529144700000003 1 0 0 1 1 0
94.628714500000001 1 0 0 1 1 0
94.729504199999994 1 0 0 1 1 0
94.829087599999994 1 0 0 1 1 0
94.928550400000006 1 0 0 1 1 0
95.029450600000004 1 0 0 1 1 0
95.128930199999999 1 0 0 1 1 0
95.229845699999998 1 0 0 1 1 0
95.329361599999999 1 0 0 1 1 0
95.428942300000003 1 0 0 1 1 1
95.529776499999997 1 0 0 1 1 1
95.629307400000002 1 0 0 1 1 0
95.728813599999995 1 0 0 1 1 0
95.828382199999993 1 0 0 1 1 0
95.929130000000001 1 0 0 1 1 0
96.028794399999995 1 0 0 1 1 1
96.129615900000005 1 0 0 1 1 0
96.229127800000001 1 0 0 1 1 0
96.328695400000001 1 0 0 1 1 0
96.429585099999997 1 0 0 1 1 0
96.529077700000002 1 0 0 1 1 1
96.628614999999996 1 0 0 1 1 1
96.729449900000006 1 0 0 1 1 1
96.829044999999994 1 0 0 1 1 0
96.928546999999995 1 0 0 1 1 0
97.029430099999999 1 0 0 1 1 1
97.128935999999996 1 0 0 1 1 1
97.229763199999994 1 0 0 1 1 1
97.329349699999995 1 0 0 1 1 0
97.4288861 1 0 0 1 1 0
97.528370300000006 1 0 0 1 1 0
97.629212999999993 1 0 0 1 1 1
97.728738199999995 1 0 0 1 1 1
97.828336899999996 1 0 0 1 1 1
97.929133800000002 1 0 0 1 1 1
98.028727900000007 1 0 0 1 1 1
98.129531499999999 1 0 0 1 1 1
98.229133700000006 1 0 0 1 1 1
98.328618199999994 1 0 0 1 1 1
98.429529799999997 1 0 0 1 1 1
98.529012300000005 1 0 0 1 1 1
98.628572599999998 1 0 0 1 1 0
98.729449900000006 1 0 0 1 1 1
98.828973899999994 1 0 0 1 1 1
98.929822299999998 1 0 0 1 1 0
99.029309900000001 1 0 0 1 1 1
99.128861599999993 1 0 0 1 1 1
99.229765099999995 1 0 0 1 1 1
99.329255700000004 1 0 0 1 1 1
99.428813599999998 1 0 0 1 1 1
99.5296618 1 0 0 1 1 0
99.629237599999996 1 0 0 1 1 0
99.7287623 1 0 0 1 1 1
99.829593799999998 1 0 0 1 1 1
99.930426299999993 1 0 0 1 1 1
100.0312804 1 0 0 1 1 1
100.1308264 1 0 0 1 1 1
100.230373 1 0 0 1 1 1
100.3285667 1 0 0 1 1 1
100.4281098 1 0 0 1 1 1
100.5290112 1 0 0 1 1 1
100.6285223 1 0 0 1 1 1
100.72937 1 0 0 1 1 0
100.8289434 1 0 0 1 1 1
100.9297596 1 0 0 1 1 0
101.02926220000001 1 0 0 1 1 0
101.1288496 1 0 0 1 1 1
101.2283951 1 0 0 1 1 1
101.3292371 1 0 0 1 1 1
101.42873160000001 1 0 0 1 1 0
101.5283185 1 0 0 1 1 1
101.6291892 1 0 0 1 1 0
101.72867460000001 1 0 0 1 1 0
101.82957209999999 1 0 0 1 1 1
101.92908629999999 1 0 0 1 1 1
102.0285949 1 0 0 1 1 1
102.1294803 1 0 0 1 1 1
102.2290169 1 0 0 1 1 1
102.3285166 1 0 0 1 1 1
102.4294068 1 0 0 1 1 1
102.52891750000001 1 0 0 1 1 1
102.6298286 1 0 0 1 1 1
102.72932470000001 1 0 0 1 1 1
102.8287922 1 0 0 1 1 1
102.9297 1 0 0 1 1 1
103.02922100000001 1 0 0 1 1 1
103.1287834 1 0 0 1 1 1
103.2283272 1 0 0 1 1 1
103.3291432 1 0 0 1 1 1
103.4287197 1 0 0 1 1 1
103.52957550000001 1 0 0 1 1 1
103.6291253 1 0 0 1 1 1
103.72993390000001 1 0 0 1 1 0
103.82950649999999 1 0 0 1 1 0
103.92904009999999 1 0 0 1 1 1
104.0285732 1 0 0 1 1 0
104.1281108 1 0 0 1 1 1
104.2289494 1 0 0 1 1 1
104.32981409999999 1 0 0 1 1 1
104.4293474 1 0 0 1 1 1
104.5288645 1 0 0 1 1 1
104.6284522 1 0 0 1 1 1
104.7292537 1 0 0 1 1 1
104.828822 1 0 0 1 1 0
104.9283222 1 0 0 1 1 1
105.02921670000001 1 0 0 1 1 1
105.1287457 1 0 0 1 1 1
105.2295467 1 0 0 1 1 0
105.3291363 1 0 0 1 1 1
105.4300198 1 0 0 1 1 1
105.5295335 1 0 0 1 1 1
105.62902769999999 1 0 0 1 1 0
105.72856419999999 1 0 0 1 1 1
105.8281309 1 0 0 1 1 1
105.9289373 1 0 0 1 1 0
106.02850859999999 1 0 0 1 1 1
106.12935179999999 1 0 0 1 1 0
106.2288693 1 0 0 1 1 1
106.32977169999999 1 0 0 1 1 1
106.4293381 1 0 0 1 1 1
106.52884520000001 1 0 0 1 1 1
106.6283952 1 0 0 1 1 1
106.72789469999999 1 0 0 1 1 0
106.8274347 1 0 0 1 1 0
106.92693939999999 1 0 0 1 1 1
107.0278677 1 0 0 1 1 1
107.12866889999999 1 0 0 1 1 1
107.2294966 1 0 0 1 1 1
107.3303987 1 0 0 1 1 1
107.4299742 1 0 0 1 1 1
107.5294506 1 0 0 1 1 1
107.629018 1 0 0 1 1 1
107.7298728 1 0 0 1 1 1
107.82940929999999 1 0 0 1 1 1
107.9302694 1 0 0 1 1 1
108.02981629999999 1 0 0 1 1 1
108.1293222 1 0 0 1 1 0
108.2301635 1 0 0 1 1 1
108.3296689 1 0 0 1 1 1
108.4293045 1 0 0 1 1 1
108.528762 1 0 0 1 1 1
108.6296612 1 0 0 1 1 1
108.7291724 1 0 0 1 1 1
108.82873499999999 1 0 0 1 1 1
108.92956390000001 1 0 0 1 1 1
109.0291187 1 0 0 1 1 1
109.12866080000001 1 0 0 1 1 1
109.22950710000001 1 0 0 1 1 1
109.3290125 1 0 0 1 1 1
109.4285866 1 0 0 1 1 1
109.5294262 1 0 0 1 1 1
109.62896310000001 1 0 0 1 1 1
109.7298047 1 0 0 1 1 1
109.82932340000001 1 0 0 1 1 1
109.9288923 1 0 0 1 1 1
110.0297262 1 0 0 1 1 1
110.12927380000001 1 0 0 1 1 1
110.2288331 1 0 0 1 1 1
110.3296777 1 0 0 1 1 0
110.42921560000001 1 0 0 1 1 0
110.5287603 1 0 0 1 1 1
110.6295721 1 0 0 1 1 1
110.7291159 1 1 0 1 1 1
110.828704 1 1 0 1 1 1
110.92951309999999 1 1 0 1 1 1
111.0290414 1 0 0 1 1 1
111.12855070000001 1 1 0 1 1 1
111.2294709 1 0 0 1 1 0
111.3289675 1 0 0 1 1 1
111.4285599 1 0 0 1 1 1
111.52940719999999 1 0 0 1 1 0
111.6288988 1 0 0 1 1 1
111.7284535 1 0 0 1 1 1
111.82932750000001 1 0 0 1 1 1
111.92883310000001 1 0 0 1 1 1
112.0283767 1 0 0 1 1 1
112.12922159999999 1 0 0 1 1 1
112.22879639999999 1 1 0 1 1 1
112.3296722 1 0 0 1 1 0
112.42915979999999 1 0 0 1 1 1
112.5286433 1 0 0 1 1 0
112.6295461 1 1 0 1 1 1
112.72909370000001 1 0 0 1 1 1
112.828654 1 0 0 1 1 1
112.9294561 1 0 0 1 1 1
113.02903329999999 1 0 0 1 1 1
113.1285409 1 0 0 1 1 1
113.2294227 1 0 0 1 1 1
113.3288924 1 0 0 1 1 1
113.42848410000001 1 0 0 1 1 0
113.5293223 1 0 0 1 1 1
113.6288799 1 0 0 1 1 1
113.7284109 1 0 0 1 1 1
113.8293439 1 0 0 1 1 1
113.92880359999999 1 0 0 1 1 1
114.0296499 1 1 0 1 1 1
114.1291975 1 0 0 1 1 1
114.22872409999999 1 0 0 1 1 1
114.3295835 1 0 0 1 1 1
114.42914690000001 1 0 0 1 1 1
114.5286523 1 0 0 1 1 1
114.6295172 1 0 0 1 1 1
114.7290544 1 0 0 1 1 1
114.8298935 1 0 0 1 1 1
114.9294266 1 1 0 1 1 1
115.0289949 1 0 0 1 1 1
115.1298048 1 0 0 1 1 1
115.22938120000001 1 1 0 1 1 1
115.3288793 1 1 0 1 1 1
115.4284607 1 1 0 1 1 1
115.52926979999999 1 0 0 1 1 1
115.62884339999999 1 0 0 1 1 1
115.7296437 1 0 0 1 1 1
115.8292247 1 0 0 1 1 1
115.92878450000001 1 0 0 1 1 1
116.02830470000001 1 0 0 1 1 1
116.1291524 1 0 0 1 1 1
116.2287232 1 0 0 1 1 1
116.32950839999999 1 0 0 1 1 1
116.42908060000001 1 0 0 1 1 1
116.5285899 1 0 0 1 1 1
116.6294934 1 0 0 1 1 1
116.729005 1 1 0 1 1 1
116.82855600000001 1 1 0 1 1 1
116.92940539999999 1 0 0 1 1 1
117.0289284 1 1 0 1 1 1
117.1284658 1 1 0 1 1 1
117.2293221 1 1 0 1 1 1
117.3288235 1 1 0 1 1 1
117.42969189999999 1 1 0 1 1 1
117.5292369 1 1 0 1 1 1
117.6288184 1 1 0 1 1 1
117.7296468 1 1 0 1 1 1
117.8291267 1 1 0 1 1 1
117.92866960000001 1 1 0 1 1 1
118.0295912 1 1 0 1 1 1
118.1291052 1 1 0 1 1 1
118.2286817 1 1 0 1 1 1
118.3294641 1 1 0 1 1 1
118.428996 1 1 0 1 1 1
118.5298904 1 1 0 1 1 1
118.62944659999999 1 1 0 1 1 1
118.72891319999999 1 1 0 1 1 1
118.8284675 1 1 0 1 1 1
118.9293152 1 1 0 1 1 1
119.028885 1 1 0 1 1 1
119.1297168 1 1 1 1 1 1
119.2291929 1 1 0 1 1 1
119.3288113 1 1 0 1 1 1
119.4296581 1 1 0 1 1 1
119.5291976 1 1 0 1 1 1
119.6287896 1 1 0 1 1 1
119.72956050000001 1 1 0 1 1 1
119.8291356 1 1 0 1 1 1
119.9286376 1 1 0 1 1 1
120.02956930000001 1 1 0 1 1 1
120.12902800000001 1 1 0 1 1 1
120.2285959 1 1 0 1 1 1
120.32943880000001 1 1 0 1 1 1
120.4289505 1 1 0 1 1 1
120.528454 1 1 1 1 1 1
120.629368 1 1 0 1 1 1
120.72885340000001 1 1 0 1 1 1
120.8284451 1 1 0 1 1 1
120.9293066 1 1 0 1 1 1
121.02884830000001 1 1 0 1 1 1
121.12969459999999 1 1 0 1 1 1
121.2291762 1 1 0 1 1 1
121.3286842 1 1 0 1 1 1
121.4296471 1 1 0 1 1 1
121.5291525 1 1 0 1 1 1
121.6286427 1 1 0 1 1 1
121.7295324 1 1 0 1 1 1
121.8291017 1 1 0 1 1 1
121.9285857 1 1 0 1 1 1
122.02949820000001 1 1 0 1 1 1
122.12897649999999 1 1 0 1 1 1
122.2285081 1 1 0 1 1 1
122.3294021 1 1 0 1 1 1
122.428923 1 1 0 1 1 1
122.52980340000001 1 1 1 1 1 1
122.62932170000001 1 1 0 1 1 1
122.7288729 1 1 0 1 1 1
122.8297216 1 1 0 1 1 1
122.9292549 1 1 0 1 1 1
123.02878010000001 1 1 0 1 1 1
123.1295849 1 1 0 1 1 1
123.229181 1 1 0 1 1 1
123.3287074 1 1 0 1 1 1
123.4295978 1 1 0 1 1 1
123.52905 1 1 0 1 1 1
123.6286236 1 1 0 1 1 1
123.72946349999999 1 1 0 1 1 1
123.8290318 1 1 1 1 1 1
123.9298941 1 1 1 1 1 1
124.0293983 1 1 1 1 1 1
124.1289431 1 1 1 1 1 1
124.2298175 1 1 1 1 1 1
124.32933439999999 1 1 1 1 1 1
124.4292478 1 1 1 1 1 1
124.5283917 1 1 1 1 1 1
124.6293112 1 1 1 1 1 1
124.7287802 1 1 1 1 1 1
124.8296381 1 1 1 1 1 1
124.9291557 1 1 1 1 1 1
125.0287227 1 1 1 1 1 1
125.1282586 1 1 1 1 1 1
125.2291297 1 1 1 1 1 1
125.32868019999999 1 1 1 1 1 1
125.4295269 1 1 1 1 1 1
125.52902 1 1 1 1 1 1
125.6285895 1 1 1 1 1 1
125.72946659999999 1 1 1 1 1 1
125.8290068 1 1 1 1 1 1
125.928476 1 1 1 1 1 1
126.02933179999999 1 1 1 1 1 1
126.1289021 1 1 1 1 1 1
126.2297746 1 1 1 1 1 1
126.3292579 1 1 1 1 1 1
126.4288124 1 1 1 1 1 1
126.5296637 1 1 1 1 1 1
126.629243 1 1 1 1 1 1
126.7287742 1 1 1 1 1 1
126.8296448 1 1 1 1 1 1
126.92915189999999 1 1 1 1 1 1
127.0286919 1 1 1 1 1 1
127.1295477 1 1 1 1 1 1
127.229118 1 1 1 1 1 1
127.32861819999999 1 1 1 1 1 1
127.4294549 1 1 1 1 1 1
127.52901 1 1 1 1 1 1
127.62861700000001 1 1 1 1 1 1
127.7293741 1 1 1 1 1 1
127.82890949999999 1 1 1 1 1 1
127.9297701 1 1 1 1 1 1
128.02929320000001 1 1 1 1 1 1
128.12883110000001 1 1 1 1 1 1
128.2297093 1 1 1 1 1 1
128.32926380000001 1 1 1 1 1 1
128.42878949999999 1 1 1 1 1 1
128.5296051 1 1 1 1 1 1
128.62917770000001 1 1 1 1 1 1
128.7286991 1 1 1 1 1 1
128.82955659999999 1 1 1 1 1 1
128.9290718 1 1 1 1 1 1
129.02993789999999 1 1 1 1 1 1
129.12950240000001 1 1 1 1 1 1
129.22902740000001 1 1 1 1 1 1
129.3285779 1 1 1 1 1 1
129.42943249999999 1 1 1 1 1 1
129.52898039999999 1 1 1 1 1 1
129.62849349999999 1 1 1 1 1 1
129.72931589999999 1 1 1 1 1 1
129.8288723 1 1 1 1 1 1
129.92974100000001 1 1 1 1 1 1
130.02918070000001 1 1 1 1 1 1
130.12881870000001 1 1 1 1 1 1
130.2283319 1 1 1 1 1 1
130.32917509999999 1 1 1 1 1 1
130.4287683 1 1 1 1 1 1
130.529606 1 1 1 1 1 1
130.62914839999999 1 1 1 1 1 1
130.72863950000001 1 1 1 1 1 1
130.82949600000001 1 1 1 1 1 1
130.9290081 1 1 1 1 1 1
131.02861609999999 1 1 1 1 1 1
131.12943759999999 1 1 1 1 1 1
131.22898330000001 1 1 1 1 1 1
131.3285204 1 1 1 1 1 1
131.42936700000001 1 1 1 1 1 1
131.5288607 1 1 1 1 1 1
131.62979949999999 1 1 1 1 1 1
131.7292458 1 1 1 1 1 1
131.82884229999999 1 1 1 1 1 1
131.92835249999999 1 1 1 1 1 1
132.02792679999999 1 1 1 1 1 1
132.12873450000001 1 1 1 1 1 1
132.228285 1 1 1 1 1 1
132.3291141 1 1 1 1 1 1
132.4300078 1 1 1 1 1 1
132.5295533 1 1 1 1 1 1
132.6291033 1 1 1 1 1 1
132.72857730000001 1 1 1 1 1 1
132.82811939999999 1 1 1 1 1 1
132.9289824 1 1 1 1 1 1
133.02854959999999 1 1 1 1 1 1
133.12939900000001 1 1 1 1 1 1
133.22891540000001 1 1 1 1 1 1
133.32977070000001 1 1 1 1 1 1
133.4293376 1 1 1 1 1 1
133.52885090000001 1 1 1 1 1 1
133.62837999999999 1 1 1 1 1 1
133.729251 1 1 1 1 1 1
133.83005489999999 1 1 1 1 1 1
133.9295932 1 1 1 1 1 1
134.02918070000001 1 1 1 1 1 1
134.12870989999999 1 1 1 1 1 1
134.22822059999999 1 1 1 1 1 1
134.32907069999999 1 1 1 1 1 1
134.42866960000001 1 1 1 1 1 1
134.52946919999999 1 1 1 1 1 1
134.6289798 1 1 1 1 1 1
134.7285718 1 1 1 1 1 1
134.82944259999999 1 1 1 1 1 1
134.92895379999999 1 1 1 1 1 1
135.02850710000001 1 1 1 1 1 1
135.12932359999999 1 1 1 1 1 1
135.22892060000001 1 1 1 1 1 1
135.3284286 1 1 1 1 1 1
135.4292714 1 1 1 1 1 1
135.5288204 1 1 1 1 1 1
135.62962619999999 1 1 1 1 1 1
135.72921360000001 1 1 1 1 1 1
135.8287574 1 1 1 1 1 1
135.92957609999999 1 1 1 1 1 1
136.0291378 1 1 1 1 1 1
136.1286413 1 1 1 1 1 1
136.22952190000001 1 1 1 1 1 1
136.32904450000001 1 1 1 1 1 1
136.42994300000001 1 1 1 1 1 1
136.5294591 1 1 1 1 1 1
136.62895409999999 1 1 1 1 1 1
136.72848669999999 1 1 1 1 1 1
136.8293802 1 1 1 1 1 1
136.92890589999999 1 1 1 1 1 1
137.02845300000001 1 1 1 1 1 1
137.1292938 1 1 1 1 1 1
137.2288653 1 1 1 1 1 1
137.32967439999999 1 1 1 1 1 1
137.4292375 1 1 1 1 1 1
137.528773 1 1 1 1 1 1
137.6296309 1 1 1 1 1 1
137.729139 1 1 1 1 1 1
137.8286392 1 1 1 1 1 1
137.92951790000001 1 1 1 1 1 1
138.02906530000001 1 1 1 1 1 1
138.12859449999999 1 1 1 1 1 1
138.22951710000001 1 1 1 1 1 1
138.32901630000001 1 1 1 1 1 1
138.42987550000001 1 1 1 1 1 1
138.5293945 1 1 1 1 1 1
138.62892780000001 1 1 1 1 1 1
138.72977370000001 1 1 1 1 1 1
138.8293084 1 1 1 1 1 1
138.92884459999999 1 1 1 1 1 1
139.0297424 1 1 1 1 1 1
139.1292144 1 1 1 1 1 1
139.22879710000001 1 1 1 1 1 1
139.32964050000001 1 1 1 1 1 1
139.4291796 1 1 1 1 1 1
139.53005329999999 1 1 1 1 1 1
139.62958610000001 1 1 1 1 1 1
139.7291118 1 1 1 1 1 1
139.82862650000001 1 1 1 1 1 1
139.9281301 1 1 1 1 1 1
140.0290679 1 1 1 1 1 1
140.1285297 1 1 1 1 1 1
140.22945369999999 1 1 1 1 1 1
140.32897059999999 1 1 1 1 1 1
140.4298254 1 1 1 1 1 1
140.5293964 1 1 1 1 1 1
140.6288759 1 1 1 1 1 1
140.72843140000001 1 1 1 1 1 1
140.82925950000001 1 1 1 1 1 1
140.92880930000001 1 1 1 1 1 1
141.0283493 1 1 1 1 1 1
141.12921729999999 1 1 1 1 1 1
141.22879420000001 1 1 1 1 1 1
141.3295731 1 1 1 1 1 1
141.4291231 1 1 1 1 1 1
141.5299713 1 1 1 1 1 1
141.62953920000001 1 1 1 1 1 1
141.73038589999999 1 1 1 1 1 1
141.8299586 1 1 1 1 1 1
141.92942009999999 1 1 1 1 1 1
142.02906340000001 1 1 1 1 1 1
142.1298615 1 1 1 1 1 1
142.22937930000001 1 1 1 1 1 1
142.3288847 1 1 1 1 1 1
142.42977819999999 1 1 1 1 1 1
142.5293116 1 1 1 1 1 1
142.6287724 1 1 1 1 1 1
142.72969950000001 1 1 1 1 1 1
142.8292366 1 1 1 1 1 1
142.93008510000001 1 1 1 1 1 1
143.02964460000001 1 1 1 1 1 1
143.1291234 1 1 1 1 1 1
143.2287437 1 1 1 1 1 1
143.32823930000001 1 1 1 1 1 1
143.42907009999999 1 1 1 1 1 1
143.52859699999999 1 1 1 1 1 1
143.62950290000001 1 1 1 1 1 1
143.72897499999999 1 1 1 1 1 1
143.82990989999999 1 1 1 1 1 1
143.92937599999999 1 1 1 1 1 1
144.02894699999999 1 1 1 1 1 1
144.12847769999999 1 1 1 1 1 1
144.22798599999999 1 1 1 1 1 1
144.32754270000001 1 1 1 1 1 1
144.4284159 1 1 1 1 1 1
144.52790680000001 1 1 1 1 1 1
144.6287762 1 1 1 1 1 1
144.72963250000001 1 1 1 1 1 1
144.82920490000001 1 1 1 1 1 1
144.92998850000001 1 1 1 1 1 1
145.0295941 1 1 1 1 1 1
145.12910669999999 1 1 1 1 1 1
145.2299706 1 1 1 1 1 1
145.32937949999999 1 1 1 1 1 1
145.43037709999999 1 1 1 1 1 1
145.5298726 1 1 1 1 1 1
145.63073700000001 1 1 1 1 1 1
145.7302329 1 1 1 1 1 1
145.8298403 1 1 1 1 1 1
145.92931669999999 1 1 1 1 1 1
146.02890410000001 1 1 1 1 1 1
146.1284191 1 1 1 1 1 1
146.22793160000001 1 1 1 1 1 1
146.32877980000001 1 1 1 1 1 1
146.42836729999999 1 1 1 1 1 1
146.52920330000001 1 1 1 1 1 1
146.6287528 1 1 1 1 1 1
146.72958629999999 1 1 1 1 1 1
146.82916420000001 1 1 1 1 1 1
146.9286396 1 1 1 1 1 1
147.02956549999999 1 1 1 1 1 1
147.12907300000001 1 1 1 1 1 1
147.22858869999999 1 1 1 1 1 1
147.3294636 1 1 1 1 1 1
147.42899550000001 1 1 1 1 1 1
147.5285355 1 1 1 1 1 1
147.62938320000001 1 1 1 1 1 1
147.72892160000001 1 1 1 1 1 1
147.82981029999999 1 1 1 1 1 1
147.92930430000001 1 1 1 1 1 1
148.0289008 1 1 1 1 1 1
148.129682 1 1 1 1 1 1
148.2292017 1 1 1 1 1 1
148.32878909999999 1 1 1 1 1 1
148.42963810000001 1 1 1 1 1 1
148.52917729999999 1 1 1 1 1 1
148.6286763 1 1 1 1 1 1
148.72820630000001 1 1 1 1 1 1
148.8278157 1 1 1 1 1 1
148.9286117 1 1 1 1 1 1
149.02812209999999 1 1 1 1 1 1
149.1290175 1 1 1 1 1 1
149.22986589999999 1 1 1 1 1 1
149.3294114 1 1 1 1 1 1
149.4289862 1 1 1 1 1 1
149.5283896 1 1 1 1 1 1
149.6280252 1 1 1 1 1 1
149.7288743 1 1 1 1 1 1
149.8284132 1 1 1 1 1 1
149.92922490000001 1 1 1 1 1 1
150.0300862 1 1 1 1 1 1
150.12965600000001 1 1 1 1 1 1
150.23050699999999 1 1 1 1 1 1
150.33000079999999 1 1 1 1 1 1
150.42957129999999 1 1 1 1 1 1
150.5291273 1 1 1 1 1 1
150.6286661 1 1 1 1 1 1
150.72949850000001 1 1 1 1 1 1
150.82901870000001 1 1 1 1 1 1
150.9298727 1 1 1 1 1 1
151.02942340000001 1 1 1 1 1 1
151.12896789999999 1 1 1 1 1 1
151.2298323 1 1 1 1 1 1
151.32934299999999 1 1 1 1 1 1
151.42887010000001 1 1 1 1 1 1
151.5282651 1 1 1 1 1 1
151.6293646 1 1 1 1 1 1
151.7301425 1 1 1 1 1 1
151.82963810000001 1 1 1 1 1 1
151.92918789999999 1 1 1 1 1 1
152.02872310000001 1 1 1 1 1 1
152.12831510000001 1 1 1 1 1 1
152.22914610000001 1 1 1 1 1 1
152.32867780000001 1 1 1 1 1 1
152.4295122 1 1 1 1 1 1
152.52907099999999 1 1 1 1 1 1
152.62994399999999 1 1 1 1 1 1
152.72946659999999 1 1 1 1 1 1
152.8289877 1 1 1 1 1 1
152.92853349999999 1 1 1 1 1 1
153.02805369999999 1 1 1 1 1 1
153.1288911 1 1 1 1 1 1
153.22980079999999 1 1 1 1 1 1
153.3292696 1 1 1 1 1 1
153.43016399999999 1 1 1 1 1 1
153.52966660000001 1 1 1 1 1 1
153.6292626 1 1 1 1 1 1
153.7287795 1 1 1 1 1 1
153.8296248 1 1 1 1 1 1
153.9291412 1 1 1 1 1 1
154.02999800000001 1 1 1 1 1 1
154.12956700000001 1 1 1 1 1 1
154.2304183 1 1 1 1 1 1
154.32992709999999 1 1 1 1 1 1
154.42949329999999 1 1 1 1 1 1
154.5289918 1 1 1 1 1 1
154.62857210000001 1 1 1 1 1 1
154.7293841 1 1 1 1 1 1
154.8289212 1 1 1 1 1 1
154.9284801 1 1 1 1 1 1
155.02935299999999 1 1 1 1 1 1
155.1288697 1 1 1 1 1 1
155.22837680000001 1 1 1 1 1 1
155.32923640000001 1 1 1 1 1 1
155.42882080000001 1 1 1 1 1 1
155.52967319999999 1 1 1 1 1 1
155.62921919999999 1 1 1 1 1 1
155.73005499999999 1 1 1 1 1 1
155.82959120000001 1 1 1 1 1 1
155.9290968 1 1 1 1 1 1
156.0300077 1 1 1 1 1 1
156.12949810000001 1 1 1 1 1 1
